   1601.9  1601.9  1601.9  1601.9  1601.9  1601.9  1601.9  1601.9
   1601.9  1601.9  1601.9  1601.9  1601.9  1601.9  1601.9  1601.9
   1601.9  1601.9  1601.9  1601.9  1601.9  1601.9  1601.9  1601.9
   1601.9  1601.9  1601.9  1601.9  1601.9  1601.9  1601.9  1601.9
   1601.9  1601.9  1601.9  1601.9  1601.9  1601.9  1601.9  1601.9
   1601.9  1601.9  1601.9  1601.9  1601.9  1601.9  1601.9  1601.9
   1674.9  1674.9  1674.9  1674.9  1674.9  1674.9  1674.9  1674.9
   1674.9  1674.9  1674.9  1674.9  1674.9  1674.9  1674.9  1674.9
   1674.9  1674.9  1674.9  1674.9  1674.9  1674.9  1674.9  1674.9
   1674.9  1674.9  1674.9  1674.9  1674.9  1674.9  1674.9  1674.9
   1585.9  1585.9  1585.9  1585.9  1585.9  1585.9  1585.9  1585.9
   1585.9  1585.9  1585.9  1585.9  1585.9  1585.9  1585.9  1585.9
   1675.9  1675.9  1675.9  1675.9  1675.9  1675.9  1675.9  1675.9
   1675.9  1675.9  1675.9  1675.9  1675.9  1675.9  1675.9  1675.9
   1583.9  1583.9  1583.9  1583.9  1583.9  1583.9  1583.9  1583.9
   1583.9  1583.9  1583.9  1583.9  1583.9  1583.9  1583.9  1583.9
   1583.9  1583.9  1583.9  1583.9  1583.9  1583.9  1583.9  1583.9
   1583.9  1583.9  1583.9  1583.9  1583.9  1583.9  1583.9  1583.9
   1653.9  1653.9  1653.9  1653.9  1653.9  1653.9  1653.9  1653.9
   1653.9  1653.9  1653.9  1653.9  1653.9  1653.9  1653.9  1653.9
   1660.9  1660.9  1660.9  1660.9  1660.9  1660.9  1660.9  1660.9
   1660.9  1660.9  1660.9  1660.9  1660.9  1660.9  1660.9  1660.9
   1654.9  1654.9  1654.9  1654.9  1654.9  1654.9  1654.9  1654.9
   1654.9  1654.9  1654.9  1654.9  1654.9  1654.9  1654.9  1654.9
   1664.9  1664.9  1664.9  1664.9  1664.9  1664.9  1664.9  1664.9
   1664.9  1664.9  1664.9  1664.9  1664.9  1664.9  1664.9  1664.9
   1671.9  1671.9  1671.9  1671.9  1671.9  1671.9  1671.9  1671.9
   1671.9  1671.9  1671.9  1671.9  1671.9  1671.9  1671.9  1671.9
   1667.9  1667.9  1667.9  1667.9  1667.9  1667.9  1667.9  1667.9
   1667.9  1667.9  1667.9  1667.9  1667.9  1667.9  1667.9  1667.9
   1675.9  1675.9  1675.9  1675.9  1675.9  1675.9  1675.9  1675.9
   1675.9  1675.9  1675.9  1675.9  1675.9  1675.9  1675.9  1675.9
   1688.9  1688.9  1688.9  1688.9  1688.9  1688.9  1688.9  1688.9
   1688.9  1688.9  1688.9  1688.9  1688.9  1688.9  1688.9  1688.9
   1686.9  1686.9  1686.9  1686.9  1686.9  1686.9  1686.9  1686.9
   1686.9  1686.9  1686.9  1686.9  1686.9  1686.9  1686.9  1686.9
   1687.9  1687.9  1687.9  1687.9  1687.9  1687.9  1687.9  1687.9
   1687.9  1687.9  1687.9  1687.9  1687.9  1687.9  1687.9  1687.9
   1680.9  1680.9  1680.9  1680.9  1680.9  1680.9  1680.9  1680.9
   1680.9  1680.9  1680.9  1680.9  1680.9  1680.9  1680.9  1680.9
   1680.9  1680.9  1680.9  1680.9  1680.9  1680.9  1680.9  1680.9
   1680.9  1680.9  1680.9  1680.9  1680.9  1680.9  1680.9  1680.9
   1678.9  1678.9  1678.9  1678.9  1678.9  1678.9  1678.9  1678.9
   1678.9  1678.9  1678.9  1678.9  1678.9  1678.9  1678.9  1678.9
   1677.9  1677.9  1677.9  1677.9  1677.9  1677.9  1677.9  1677.9
   1677.9  1677.9  1677.9  1677.9  1677.9  1677.9  1677.9  1677.9
