   1656.9  1656.9  1656.9  1656.9  1656.9  1656.9  1656.9  1656.9
   1656.9  1656.9  1656.9  1656.9  1656.9  1656.9  1656.9  1656.9
   1653.9  1653.9  1653.9  1653.9  1653.9  1653.9  1653.9  1653.9
   1653.9  1653.9  1653.9  1653.9  1653.9  1653.9  1653.9  1653.9
   1653.9  1653.9  1653.9  1653.9  1653.9  1653.9  1653.9  1653.9
   1653.9  1653.9  1653.9  1653.9  1653.9  1653.9  1653.9  1653.9
   1653.9  1653.9  1653.9  1653.9  1653.9  1653.9  1653.9  1653.9
   1653.9  1653.9  1653.9  1653.9  1653.9  1653.9  1653.9  1653.9
   1653.9  1653.9  1653.9  1653.9  1653.9  1653.9  1653.9  1653.9
   1653.9  1653.9  1653.9  1653.9  1653.9  1653.9  1653.9  1653.9
   1653.9  1653.9  1653.9  1653.9  1653.9  1653.9  1653.9  1653.9
   1653.9  1653.9  1653.9  1653.9  1653.9  1653.9  1653.9  1653.9
   1662.9  1662.9  1662.9  1662.9  1662.9  1662.9  1662.9  1662.9
   1662.9  1662.9  1662.9  1662.9  1662.9  1662.9  1662.9  1662.9
   1654.9  1654.9  1654.9  1654.9  1654.9  1654.9  1654.9  1654.9
   1654.9  1654.9  1654.9  1654.9  1654.9  1654.9  1654.9  1654.9
   1654.9  1654.9  1654.9  1654.9  1654.9  1654.9  1654.9  1654.9
   1654.9  1654.9  1654.9  1654.9  1654.9  1654.9  1654.9  1654.9
   1643.9  1643.9  1643.9  1643.9  1643.9  1643.9  1643.9  1643.9
   1643.9  1643.9  1643.9  1643.9  1643.9  1643.9  1643.9  1643.9
   1649.9  1649.9  1649.9  1649.9  1649.9  1649.9  1649.9  1649.9
   1649.9  1649.9  1649.9  1649.9  1649.9  1649.9  1649.9  1649.9
   1642.9  1642.9  1642.9  1642.9  1642.9  1642.9  1642.9  1642.9
   1642.9  1642.9  1642.9  1642.9  1642.9  1642.9  1642.9  1642.9
   1652.9  1652.9  1652.9  1652.9  1652.9  1652.9  1652.9  1652.9
   1652.9  1652.9  1652.9  1652.9  1652.9  1652.9  1652.9  1652.9
   1660.9  1660.9  1660.9  1660.9  1660.9  1660.9  1660.9  1660.9
   1660.9  1660.9  1660.9  1660.9  1660.9  1660.9  1660.9  1660.9
   1660.9  1660.9  1660.9  1660.9  1660.9  1660.9  1660.9  1660.9
   1660.9  1660.9  1660.9  1660.9  1660.9  1660.9  1660.9  1660.9
   1660.9  1660.9  1660.9  1660.9  1660.9  1660.9  1660.9  1660.9
   1660.9  1660.9  1660.9  1660.9  1660.9  1660.9  1660.9  1660.9
   1673.9  1673.9  1673.9  1673.9  1673.9  1673.9  1673.9  1673.9
   1673.9  1673.9  1673.9  1673.9  1673.9  1673.9  1673.9  1673.9
   1674.9  1674.9  1674.9  1674.9  1674.9  1674.9  1674.9  1674.9
   1674.9  1674.9  1674.9  1674.9  1674.9  1674.9  1674.9  1674.9
   1679.9  1679.9  1679.9  1679.9  1679.9  1679.9  1679.9  1679.9
   1679.9  1679.9  1679.9  1679.9  1679.9  1679.9  1679.9  1679.9
   1672.9  1672.9  1672.9  1672.9  1672.9  1672.9  1672.9  1672.9
   1672.9  1672.9  1672.9  1672.9  1672.9  1672.9  1672.9  1672.9
   1671.9  1671.9  1671.9  1671.9  1671.9  1671.9  1671.9  1671.9
   1671.9  1671.9  1671.9  1671.9  1671.9  1671.9  1671.9  1671.9
   1668.9  1668.9  1668.9  1668.9  1668.9  1668.9  1668.9  1668.9
   1668.9  1668.9  1668.9  1668.9  1668.9  1668.9  1668.9  1668.9
   1664.9  1664.9  1664.9  1664.9  1664.9  1664.9  1664.9  1664.9
   1664.9  1664.9  1664.9  1664.9  1664.9  1664.9  1664.9  1664.9
