   1686.9  1686.9  1686.9  1686.9  1686.9  1686.9  1686.9  1686.9
   1686.9  1686.9  1686.9  1686.9  1686.9  1686.9  1686.9  1686.9
   1686.9  1686.9  1686.9  1686.9  1686.9  1686.9  1686.9  1686.9
   1686.9  1686.9  1686.9  1686.9  1686.9  1686.9  1686.9  1686.9
   1692.9  1692.9  1692.9  1692.9  1692.9  1692.9  1692.9  1692.9
   1692.9  1692.9  1692.9  1692.9  1692.9  1692.9  1692.9  1692.9
   1689.9  1689.9  1689.9  1689.9  1689.9  1689.9  1689.9  1689.9
   1689.9  1689.9  1689.9  1689.9  1689.9  1689.9  1689.9  1689.9
   1690.9  1690.9  1690.9  1690.9  1690.9  1690.9  1690.9  1690.9
   1690.9  1690.9  1690.9  1690.9  1690.9  1690.9  1690.9  1690.9
   1690.9  1690.9  1690.9  1690.9  1690.9  1690.9  1690.9  1690.9
   1690.9  1690.9  1690.9  1690.9  1690.9  1690.9  1690.9  1690.9
   1696.9  1696.9  1696.9  1696.9  1696.9  1696.9  1696.9  1696.9
   1696.9  1696.9  1696.9  1696.9  1696.9  1696.9  1696.9  1696.9
   1698.9  1698.9  1698.9  1698.9  1698.9  1698.9  1698.9  1698.9
   1698.9  1698.9  1698.9  1698.9  1698.9  1698.9  1698.9  1698.9
   1696.9  1696.9  1696.9  1696.9  1696.9  1696.9  1696.9  1696.9
   1696.9  1696.9  1696.9  1696.9  1696.9  1696.9  1696.9  1696.9
   1696.9  1696.9  1696.9  1696.9  1696.9  1696.9  1696.9  1696.9
   1696.9  1696.9  1696.9  1696.9  1696.9  1696.9  1696.9  1696.9
   1693.9  1693.9  1693.9  1693.9  1693.9  1693.9  1693.9  1693.9
   1693.9  1693.9  1693.9  1693.9  1693.9  1693.9  1693.9  1693.9
   1692.9  1692.9  1692.9  1692.9  1692.9  1692.9  1692.9  1692.9
   1692.9  1692.9  1692.9  1692.9  1692.9  1692.9  1692.9  1692.9
   1703.9  1703.9  1703.9  1703.9  1703.9  1703.9  1703.9  1703.9
   1703.9  1703.9  1703.9  1703.9  1703.9  1703.9  1703.9  1703.9
   1700.9  1700.9  1700.9  1700.9  1700.9  1700.9  1700.9  1700.9
   1700.9  1700.9  1700.9  1700.9  1700.9  1700.9  1700.9  1700.9
   1702.9  1702.9  1702.9  1702.9  1702.9  1702.9  1702.9  1702.9
   1702.9  1702.9  1702.9  1702.9  1702.9  1702.9  1702.9  1702.9
   1700.9  1700.9  1700.9  1700.9  1700.9  1700.9  1700.9  1700.9
   1700.9  1700.9  1700.9  1700.9  1700.9  1700.9  1700.9  1700.9
   1705.9  1705.9  1705.9  1705.9  1705.9  1705.9  1705.9  1705.9
   1705.9  1705.9  1705.9  1705.9  1705.9  1705.9  1705.9  1705.9
   1704.9  1704.9  1704.9  1704.9  1704.9  1704.9  1704.9  1704.9
   1704.9  1704.9  1704.9  1704.9  1704.9  1704.9  1704.9  1704.9
   1704.9  1704.9  1704.9  1704.9  1704.9  1704.9  1704.9  1704.9
   1704.9  1704.9  1704.9  1704.9  1704.9  1704.9  1704.9  1704.9
   1698.9  1698.9  1698.9  1698.9  1698.9  1698.9  1698.9  1698.9
   1698.9  1698.9  1698.9  1698.9  1698.9  1698.9  1698.9  1698.9
   1697.9  1697.9  1697.9  1697.9  1697.9  1697.9  1697.9  1697.9
   1697.9  1697.9  1697.9  1697.9  1697.9  1697.9  1697.9  1697.9
   1693.9  1693.9  1693.9  1693.9  1693.9  1693.9  1693.9  1693.9
   1693.9  1693.9  1693.9  1693.9  1693.9  1693.9  1693.9  1693.9
   1696.9  1696.9  1696.9  1696.9  1696.9  1696.9  1696.9  1696.9
   1696.9  1696.9  1696.9  1696.9  1696.9  1696.9  1696.9  1696.9
