   1675.9  1675.9  1675.9  1675.9  1675.9  1675.9  1675.9  1675.9
   1675.9  1675.9  1675.9  1675.9  1675.9  1675.9  1675.9  1675.9
   1675.9  1675.9  1675.9  1675.9  1675.9  1675.9  1675.9  1675.9
   1675.9  1675.9  1675.9  1675.9  1675.9  1675.9  1675.9  1675.9
   1678.9  1678.9  1678.9  1678.9  1678.9  1678.9  1678.9  1678.9
   1678.9  1678.9  1678.9  1678.9  1678.9  1678.9  1678.9  1678.9
   1676.9  1676.9  1676.9  1676.9  1676.9  1676.9  1676.9  1676.9
   1676.9  1676.9  1676.9  1676.9  1676.9  1676.9  1676.9  1676.9
   1675.9  1675.9  1675.9  1675.9  1675.9  1675.9  1675.9  1675.9
   1675.9  1675.9  1675.9  1675.9  1675.9  1675.9  1675.9  1675.9
   1678.9  1678.9  1678.9  1678.9  1678.9  1678.9  1678.9  1678.9
   1678.9  1678.9  1678.9  1678.9  1678.9  1678.9  1678.9  1678.9
   1686.9  1686.9  1686.9  1686.9  1686.9  1686.9  1686.9  1686.9
   1686.9  1686.9  1686.9  1686.9  1686.9  1686.9  1686.9  1686.9
   1696.9  1696.9  1696.9  1696.9  1696.9  1696.9  1696.9  1696.9
   1696.9  1696.9  1696.9  1696.9  1696.9  1696.9  1696.9  1696.9
   1697.9  1697.9  1697.9  1697.9  1697.9  1697.9  1697.9  1697.9
   1697.9  1697.9  1697.9  1697.9  1697.9  1697.9  1697.9  1697.9
   1693.9  1693.9  1693.9  1693.9  1693.9  1693.9  1693.9  1693.9
   1693.9  1693.9  1693.9  1693.9  1693.9  1693.9  1693.9  1693.9
   1685.9  1685.9  1685.9  1685.9  1685.9  1685.9  1685.9  1685.9
   1685.9  1685.9  1685.9  1685.9  1685.9  1685.9  1685.9  1685.9
   1683.9  1683.9  1683.9  1683.9  1683.9  1683.9  1683.9  1683.9
   1683.9  1683.9  1683.9  1683.9  1683.9  1683.9  1683.9  1683.9
   1685.9  1685.9  1685.9  1685.9  1685.9  1685.9  1685.9  1685.9
   1685.9  1685.9  1685.9  1685.9  1685.9  1685.9  1685.9  1685.9
   1683.9  1683.9  1683.9  1683.9  1683.9  1683.9  1683.9  1683.9
   1683.9  1683.9  1683.9  1683.9  1683.9  1683.9  1683.9  1683.9
   1685.9  1685.9  1685.9  1685.9  1685.9  1685.9  1685.9  1685.9
   1685.9  1685.9  1685.9  1685.9  1685.9  1685.9  1685.9  1685.9
   1681.9  1681.9  1681.9  1681.9  1681.9  1681.9  1681.9  1681.9
   1681.9  1681.9  1681.9  1681.9  1681.9  1681.9  1681.9  1681.9
   1684.9  1684.9  1684.9  1684.9  1684.9  1684.9  1684.9  1684.9
   1684.9  1684.9  1684.9  1684.9  1684.9  1684.9  1684.9  1684.9
   1683.9  1683.9  1683.9  1683.9  1683.9  1683.9  1683.9  1683.9
   1683.9  1683.9  1683.9  1683.9  1683.9  1683.9  1683.9  1683.9
   1687.9  1687.9  1687.9  1687.9  1687.9  1687.9  1687.9  1687.9
   1687.9  1687.9  1687.9  1687.9  1687.9  1687.9  1687.9  1687.9
   1685.9  1685.9  1685.9  1685.9  1685.9  1685.9  1685.9  1685.9
   1685.9  1685.9  1685.9  1685.9  1685.9  1685.9  1685.9  1685.9
   1681.9  1681.9  1681.9  1681.9  1681.9  1681.9  1681.9  1681.9
   1681.9  1681.9  1681.9  1681.9  1681.9  1681.9  1681.9  1681.9
   1679.9  1679.9  1679.9  1679.9  1679.9  1679.9  1679.9  1679.9
   1679.9  1679.9  1679.9  1679.9  1679.9  1679.9  1679.9  1679.9
   1681.9  1681.9  1681.9  1681.9  1681.9  1681.9  1681.9  1681.9
   1681.9  1681.9  1681.9  1681.9  1681.9  1681.9  1681.9  1681.9
