   1690.9  1690.9  1690.9  1690.9  1690.9  1690.9  1690.9  1690.9
   1690.9  1690.9  1690.9  1690.9  1690.9  1690.9  1690.9  1690.9
   1688.9  1688.9  1688.9  1688.9  1688.9  1688.9  1688.9  1688.9
   1688.9  1688.9  1688.9  1688.9  1688.9  1688.9  1688.9  1688.9
   1689.9  1689.9  1689.9  1689.9  1689.9  1689.9  1689.9  1689.9
   1689.9  1689.9  1689.9  1689.9  1689.9  1689.9  1689.9  1689.9
   1688.9  1688.9  1688.9  1688.9  1688.9  1688.9  1688.9  1688.9
   1688.9  1688.9  1688.9  1688.9  1688.9  1688.9  1688.9  1688.9
   1686.9  1686.9  1686.9  1686.9  1686.9  1686.9  1686.9  1686.9
   1686.9  1686.9  1686.9  1686.9  1686.9  1686.9  1686.9  1686.9
   1686.9  1686.9  1686.9  1686.9  1686.9  1686.9  1686.9  1686.9
   1686.9  1686.9  1686.9  1686.9  1686.9  1686.9  1686.9  1686.9
   1690.9  1690.9  1690.9  1690.9  1690.9  1690.9  1690.9  1690.9
   1690.9  1690.9  1690.9  1690.9  1690.9  1690.9  1690.9  1690.9
   1704.9  1704.9  1704.9  1704.9  1704.9  1704.9  1704.9  1704.9
   1704.9  1704.9  1704.9  1704.9  1704.9  1704.9  1704.9  1704.9
   1708.9  1708.9  1708.9  1708.9  1708.9  1708.9  1708.9  1708.9
   1708.9  1708.9  1708.9  1708.9  1708.9  1708.9  1708.9  1708.9
   1697.9  1697.9  1697.9  1697.9  1697.9  1697.9  1697.9  1697.9
   1697.9  1697.9  1697.9  1697.9  1697.9  1697.9  1697.9  1697.9
   1695.9  1695.9  1695.9  1695.9  1695.9  1695.9  1695.9  1695.9
   1695.9  1695.9  1695.9  1695.9  1695.9  1695.9  1695.9  1695.9
   1694.9  1694.9  1694.9  1694.9  1694.9  1694.9  1694.9  1694.9
   1694.9  1694.9  1694.9  1694.9  1694.9  1694.9  1694.9  1694.9
   1698.9  1698.9  1698.9  1698.9  1698.9  1698.9  1698.9  1698.9
   1698.9  1698.9  1698.9  1698.9  1698.9  1698.9  1698.9  1698.9
   1693.9  1693.9  1693.9  1693.9  1693.9  1693.9  1693.9  1693.9
   1693.9  1693.9  1693.9  1693.9  1693.9  1693.9  1693.9  1693.9
   1694.9  1694.9  1694.9  1694.9  1694.9  1694.9  1694.9  1694.9
   1694.9  1694.9  1694.9  1694.9  1694.9  1694.9  1694.9  1694.9
   1692.9  1692.9  1692.9  1692.9  1692.9  1692.9  1692.9  1692.9
   1692.9  1692.9  1692.9  1692.9  1692.9  1692.9  1692.9  1692.9
   1693.9  1693.9  1693.9  1693.9  1693.9  1693.9  1693.9  1693.9
   1693.9  1693.9  1693.9  1693.9  1693.9  1693.9  1693.9  1693.9
   1690.9  1690.9  1690.9  1690.9  1690.9  1690.9  1690.9  1690.9
   1690.9  1690.9  1690.9  1690.9  1690.9  1690.9  1690.9  1690.9
   1692.9  1692.9  1692.9  1692.9  1692.9  1692.9  1692.9  1692.9
   1692.9  1692.9  1692.9  1692.9  1692.9  1692.9  1692.9  1692.9
   1688.9  1688.9  1688.9  1688.9  1688.9  1688.9  1688.9  1688.9
   1688.9  1688.9  1688.9  1688.9  1688.9  1688.9  1688.9  1688.9
   1687.9  1687.9  1687.9  1687.9  1687.9  1687.9  1687.9  1687.9
   1687.9  1687.9  1687.9  1687.9  1687.9  1687.9  1687.9  1687.9
   1686.9  1686.9  1686.9  1686.9  1686.9  1686.9  1686.9  1686.9
   1686.9  1686.9  1686.9  1686.9  1686.9  1686.9  1686.9  1686.9
   1688.9  1688.9  1688.9  1688.9  1688.9  1688.9  1688.9  1688.9
   1688.9  1688.9  1688.9  1688.9  1688.9  1688.9  1688.9  1688.9
