   1688.9  1688.9  1688.9  1688.9  1688.9  1688.9  1688.9  1688.9
   1688.9  1688.9  1688.9  1688.9  1688.9  1688.9  1688.9  1688.9
   1686.9  1686.9  1686.9  1686.9  1686.9  1686.9  1686.9  1686.9
   1686.9  1686.9  1686.9  1686.9  1686.9  1686.9  1686.9  1686.9
   1688.9  1688.9  1688.9  1688.9  1688.9  1688.9  1688.9  1688.9
   1688.9  1688.9  1688.9  1688.9  1688.9  1688.9  1688.9  1688.9
   1688.9  1688.9  1688.9  1688.9  1688.9  1688.9  1688.9  1688.9
   1688.9  1688.9  1688.9  1688.9  1688.9  1688.9  1688.9  1688.9
   1687.9  1687.9  1687.9  1687.9  1687.9  1687.9  1687.9  1687.9
   1687.9  1687.9  1687.9  1687.9  1687.9  1687.9  1687.9  1687.9
   1688.9  1688.9  1688.9  1688.9  1688.9  1688.9  1688.9  1688.9
   1688.9  1688.9  1688.9  1688.9  1688.9  1688.9  1688.9  1688.9
   1694.9  1694.9  1694.9  1694.9  1694.9  1694.9  1694.9  1694.9
   1694.9  1694.9  1694.9  1694.9  1694.9  1694.9  1694.9  1694.9
   1704.9  1704.9  1704.9  1704.9  1704.9  1704.9  1704.9  1704.9
   1704.9  1704.9  1704.9  1704.9  1704.9  1704.9  1704.9  1704.9
   1701.9  1701.9  1701.9  1701.9  1701.9  1701.9  1701.9  1701.9
   1701.9  1701.9  1701.9  1701.9  1701.9  1701.9  1701.9  1701.9
   1696.9  1696.9  1696.9  1696.9  1696.9  1696.9  1696.9  1696.9
   1696.9  1696.9  1696.9  1696.9  1696.9  1696.9  1696.9  1696.9
   1690.9  1690.9  1690.9  1690.9  1690.9  1690.9  1690.9  1690.9
   1690.9  1690.9  1690.9  1690.9  1690.9  1690.9  1690.9  1690.9
   1688.9  1688.9  1688.9  1688.9  1688.9  1688.9  1688.9  1688.9
   1688.9  1688.9  1688.9  1688.9  1688.9  1688.9  1688.9  1688.9
   1696.9  1696.9  1696.9  1696.9  1696.9  1696.9  1696.9  1696.9
   1696.9  1696.9  1696.9  1696.9  1696.9  1696.9  1696.9  1696.9
   1691.9  1691.9  1691.9  1691.9  1691.9  1691.9  1691.9  1691.9
   1691.9  1691.9  1691.9  1691.9  1691.9  1691.9  1691.9  1691.9
   1693.9  1693.9  1693.9  1693.9  1693.9  1693.9  1693.9  1693.9
   1693.9  1693.9  1693.9  1693.9  1693.9  1693.9  1693.9  1693.9
   1690.9  1690.9  1690.9  1690.9  1690.9  1690.9  1690.9  1690.9
   1690.9  1690.9  1690.9  1690.9  1690.9  1690.9  1690.9  1690.9
   1691.9  1691.9  1691.9  1691.9  1691.9  1691.9  1691.9  1691.9
   1691.9  1691.9  1691.9  1691.9  1691.9  1691.9  1691.9  1691.9
   1689.9  1689.9  1689.9  1689.9  1689.9  1689.9  1689.9  1689.9
   1689.9  1689.9  1689.9  1689.9  1689.9  1689.9  1689.9  1689.9
   1695.9  1695.9  1695.9  1695.9  1695.9  1695.9  1695.9  1695.9
   1695.9  1695.9  1695.9  1695.9  1695.9  1695.9  1695.9  1695.9
   1691.9  1691.9  1691.9  1691.9  1691.9  1691.9  1691.9  1691.9
   1691.9  1691.9  1691.9  1691.9  1691.9  1691.9  1691.9  1691.9
   1683.9  1683.9  1683.9  1683.9  1683.9  1683.9  1683.9  1683.9
   1683.9  1683.9  1683.9  1683.9  1683.9  1683.9  1683.9  1683.9
   1684.9  1684.9  1684.9  1684.9  1684.9  1684.9  1684.9  1684.9
   1684.9  1684.9  1684.9  1684.9  1684.9  1684.9  1684.9  1684.9
   1686.9  1686.9  1686.9  1686.9  1686.9  1686.9  1686.9  1686.9
   1686.9  1686.9  1686.9  1686.9  1686.9  1686.9  1686.9  1686.9
