   1689.9  1689.9  1689.9  1689.9  1689.9  1689.9  1689.9  1689.9
   1689.9  1689.9  1689.9  1689.9  1689.9  1689.9  1689.9  1689.9
   1693.9  1693.9  1693.9  1693.9  1693.9  1693.9  1693.9  1693.9
   1693.9  1693.9  1693.9  1693.9  1693.9  1693.9  1693.9  1693.9
   1694.9  1694.9  1694.9  1694.9  1694.9  1694.9  1694.9  1694.9
   1694.9  1694.9  1694.9  1694.9  1694.9  1694.9  1694.9  1694.9
   1688.9  1688.9  1688.9  1688.9  1688.9  1688.9  1688.9  1688.9
   1688.9  1688.9  1688.9  1688.9  1688.9  1688.9  1688.9  1688.9
   1689.9  1689.9  1689.9  1689.9  1689.9  1689.9  1689.9  1689.9
   1689.9  1689.9  1689.9  1689.9  1689.9  1689.9  1689.9  1689.9
   1689.9  1689.9  1689.9  1689.9  1689.9  1689.9  1689.9  1689.9
   1689.9  1689.9  1689.9  1689.9  1689.9  1689.9  1689.9  1689.9
   1699.9  1699.9  1699.9  1699.9  1699.9  1699.9  1699.9  1699.9
   1699.9  1699.9  1699.9  1699.9  1699.9  1699.9  1699.9  1699.9
   1697.9  1697.9  1697.9  1697.9  1697.9  1697.9  1697.9  1697.9
   1697.9  1697.9  1697.9  1697.9  1697.9  1697.9  1697.9  1697.9
   1696.9  1696.9  1696.9  1696.9  1696.9  1696.9  1696.9  1696.9
   1696.9  1696.9  1696.9  1696.9  1696.9  1696.9  1696.9  1696.9
   1695.9  1695.9  1695.9  1695.9  1695.9  1695.9  1695.9  1695.9
   1695.9  1695.9  1695.9  1695.9  1695.9  1695.9  1695.9  1695.9
   1694.9  1694.9  1694.9  1694.9  1694.9  1694.9  1694.9  1694.9
   1694.9  1694.9  1694.9  1694.9  1694.9  1694.9  1694.9  1694.9
   1692.9  1692.9  1692.9  1692.9  1692.9  1692.9  1692.9  1692.9
   1692.9  1692.9  1692.9  1692.9  1692.9  1692.9  1692.9  1692.9
   1699.9  1699.9  1699.9  1699.9  1699.9  1699.9  1699.9  1699.9
   1699.9  1699.9  1699.9  1699.9  1699.9  1699.9  1699.9  1699.9
   1697.9  1697.9  1697.9  1697.9  1697.9  1697.9  1697.9  1697.9
   1697.9  1697.9  1697.9  1697.9  1697.9  1697.9  1697.9  1697.9
   1699.9  1699.9  1699.9  1699.9  1699.9  1699.9  1699.9  1699.9
   1699.9  1699.9  1699.9  1699.9  1699.9  1699.9  1699.9  1699.9
   1700.9  1700.9  1700.9  1700.9  1700.9  1700.9  1700.9  1700.9
   1700.9  1700.9  1700.9  1700.9  1700.9  1700.9  1700.9  1700.9
   1702.9  1702.9  1702.9  1702.9  1702.9  1702.9  1702.9  1702.9
   1702.9  1702.9  1702.9  1702.9  1702.9  1702.9  1702.9  1702.9
   1701.9  1701.9  1701.9  1701.9  1701.9  1701.9  1701.9  1701.9
   1701.9  1701.9  1701.9  1701.9  1701.9  1701.9  1701.9  1701.9
   1707.9  1707.9  1707.9  1707.9  1707.9  1707.9  1707.9  1707.9
   1707.9  1707.9  1707.9  1707.9  1707.9  1707.9  1707.9  1707.9
   1703.9  1703.9  1703.9  1703.9  1703.9  1703.9  1703.9  1703.9
   1703.9  1703.9  1703.9  1703.9  1703.9  1703.9  1703.9  1703.9
   1701.9  1701.9  1701.9  1701.9  1701.9  1701.9  1701.9  1701.9
   1701.9  1701.9  1701.9  1701.9  1701.9  1701.9  1701.9  1701.9
   1700.9  1700.9  1700.9  1700.9  1700.9  1700.9  1700.9  1700.9
   1700.9  1700.9  1700.9  1700.9  1700.9  1700.9  1700.9  1700.9
   1692.9  1692.9  1692.9  1692.9  1692.9  1692.9  1692.9  1692.9
   1692.9  1692.9  1692.9  1692.9  1692.9  1692.9  1692.9  1692.9
