   1686.9  1686.9  1686.9  1686.9  1686.9  1686.9  1686.9  1686.9
   1686.9  1686.9  1686.9  1686.9  1686.9  1686.9  1686.9  1686.9
   1684.9  1684.9  1684.9  1684.9  1684.9  1684.9  1684.9  1684.9
   1684.9  1684.9  1684.9  1684.9  1684.9  1684.9  1684.9  1684.9
   1684.9  1684.9  1684.9  1684.9  1684.9  1684.9  1684.9  1684.9
   1684.9  1684.9  1684.9  1684.9  1684.9  1684.9  1684.9  1684.9
   1682.9  1682.9  1682.9  1682.9  1682.9  1682.9  1682.9  1682.9
   1682.9  1682.9  1682.9  1682.9  1682.9  1682.9  1682.9  1682.9
   1683.9  1683.9  1683.9  1683.9  1683.9  1683.9  1683.9  1683.9
   1683.9  1683.9  1683.9  1683.9  1683.9  1683.9  1683.9  1683.9
   1678.9  1678.9  1678.9  1678.9  1678.9  1678.9  1678.9  1678.9
   1678.9  1678.9  1678.9  1678.9  1678.9  1678.9  1678.9  1678.9
   1687.9  1687.9  1687.9  1687.9  1687.9  1687.9  1687.9  1687.9
   1687.9  1687.9  1687.9  1687.9  1687.9  1687.9  1687.9  1687.9
   1703.9  1703.9  1703.9  1703.9  1703.9  1703.9  1703.9  1703.9
   1703.9  1703.9  1703.9  1703.9  1703.9  1703.9  1703.9  1703.9
   1705.9  1705.9  1705.9  1705.9  1705.9  1705.9  1705.9  1705.9
   1705.9  1705.9  1705.9  1705.9  1705.9  1705.9  1705.9  1705.9
   1697.9  1697.9  1697.9  1697.9  1697.9  1697.9  1697.9  1697.9
   1697.9  1697.9  1697.9  1697.9  1697.9  1697.9  1697.9  1697.9
   1690.9  1690.9  1690.9  1690.9  1690.9  1690.9  1690.9  1690.9
   1690.9  1690.9  1690.9  1690.9  1690.9  1690.9  1690.9  1690.9
   1692.9  1692.9  1692.9  1692.9  1692.9  1692.9  1692.9  1692.9
   1692.9  1692.9  1692.9  1692.9  1692.9  1692.9  1692.9  1692.9
   1694.9  1694.9  1694.9  1694.9  1694.9  1694.9  1694.9  1694.9
   1694.9  1694.9  1694.9  1694.9  1694.9  1694.9  1694.9  1694.9
   1691.9  1691.9  1691.9  1691.9  1691.9  1691.9  1691.9  1691.9
   1691.9  1691.9  1691.9  1691.9  1691.9  1691.9  1691.9  1691.9
   1691.9  1691.9  1691.9  1691.9  1691.9  1691.9  1691.9  1691.9
   1691.9  1691.9  1691.9  1691.9  1691.9  1691.9  1691.9  1691.9
   1688.9  1688.9  1688.9  1688.9  1688.9  1688.9  1688.9  1688.9
   1688.9  1688.9  1688.9  1688.9  1688.9  1688.9  1688.9  1688.9
   1693.9  1693.9  1693.9  1693.9  1693.9  1693.9  1693.9  1693.9
   1693.9  1693.9  1693.9  1693.9  1693.9  1693.9  1693.9  1693.9
   1688.9  1688.9  1688.9  1688.9  1688.9  1688.9  1688.9  1688.9
   1688.9  1688.9  1688.9  1688.9  1688.9  1688.9  1688.9  1688.9
   1689.9  1689.9  1689.9  1689.9  1689.9  1689.9  1689.9  1689.9
   1689.9  1689.9  1689.9  1689.9  1689.9  1689.9  1689.9  1689.9
   1686.9  1686.9  1686.9  1686.9  1686.9  1686.9  1686.9  1686.9
   1686.9  1686.9  1686.9  1686.9  1686.9  1686.9  1686.9  1686.9
   1686.9  1686.9  1686.9  1686.9  1686.9  1686.9  1686.9  1686.9
   1686.9  1686.9  1686.9  1686.9  1686.9  1686.9  1686.9  1686.9
   1689.9  1689.9  1689.9  1689.9  1689.9  1689.9  1689.9  1689.9
   1689.9  1689.9  1689.9  1689.9  1689.9  1689.9  1689.9  1689.9
   1690.9  1690.9  1690.9  1690.9  1690.9  1690.9  1690.9  1690.9
   1690.9  1690.9  1690.9  1690.9  1690.9  1690.9  1690.9  1690.9
