2508 0.135277 0.0491612 -0.239677 0.0339463 0.140418 0.0515287 -0.238847 0.0288932 1.01373
21588 0.135298 0.0493312 -0.239689 0.0340733 0.140572 0.0516005 -0.238923 0.0289932 1.01382
21589 0.101513 0.0317261 -0.195942 0.0226357 0.102267 0.0319383 -0.195698 0.0196412 1.00662
2509 0.101493 0.0317388 -0.195969 0.0226347 0.102245 0.0319485 -0.19572 0.019641 1.00661
2512 0.0965873 0.0318925 -0.195688 0.0260827 0.0977915 0.0336325 -0.19734 0.0212844 0.991985
21592 0.096578 0.0320588 -0.195557 0.0261956 0.0977838 0.0338111 -0.197191 0.0213452 0.991869
2513 -0.883811 0.0708299 -0.220643 0.0626704 -0.890364 0.0599625 -0.219118 0.0490075 1.01785
21593 -0.883959 0.0711755 -0.220899 0.0628978 -0.89063 0.0602288 -0.219461 0.049131 1.01776
2514 1.09796 0.020885 -0.199187 0.00861053 1.09809 0.0215048 -0.201861 0.00788078 1.01853
21594 1.09812 0.0209469 -0.199198 0.00865713 1.09811 0.0216283 -0.201834 0.00790739 1.01848
2517 0.0884764 0.0252795 -0.203606 0.0109734 0.0873269 0.025383 -0.205939 0.00909429 1.00446
21597 0.0885677 0.0253347 -0.203592 0.0110026 0.087401 0.0254288 -0.205932 0.00911811 1.00449
2518 0.0976305 0.0262131 -0.198674 0.0403955 0.0990752 0.027235 -0.19994 0.0283798 0.997772
21598 0.0982455 0.025999 -0.19858 0.0410836 0.0997633 0.0269419 -0.199872 0.0288392 0.997948
2520 0.11787 0.0368627 -0.199329 0.0149176 0.119255 0.0392698 -0.199287 0.0118985 1.00885
21600 0.117603 0.036839 -0.199324 0.0149819 0.118929 0.0392333 -0.199201 0.0119278 1.00881
2523 0.0975967 0.0213003 -0.197916 0.0107987 0.0962599 0.0195731 -0.196261 0.010418 1.01675
21603 0.0970515 0.0213102 -0.198 0.0109094 0.095651 0.0194966 -0.196361 0.0104463 1.01665
21604 0.102718 0.0168284 -0.202918 0.00844516 0.103419 0.0164119 -0.204704 0.00910089 1.01461
2524 0.102186 0.0163616 -0.202944 0.00838872 0.10286 0.0159374 -0.204893 0.0091114 1.01525
21605 0.0975624 0.0239994 -0.199986 0.00905866 0.0971664 0.023243 -0.20038 0.00699995 1.0164
2525 0.097554 0.0239742 -0.200027 0.00905057 0.0971294 0.0231797 -0.20038 0.00700679 1.01649
21606 0.102716 0.0201436 -0.202793 0.0102774 0.100694 0.0220839 -0.203701 0.0101198 1.01645
2526 0.100129 0.0177688 -0.204623 0.0100638 0.0977949 0.020774 -0.205515 0.00873163 1.01501
21607 0.11958 0.0291271 -0.181113 0.0331522 0.102318 0.0316744 -0.169206 0.0341121 1.0019
2527 0.118398 0.0302924 -0.180125 0.0323626 0.103529 0.0314378 -0.169365 0.0338343 1.00259
21608 0.0931954 0.0217972 -0.200171 0.0118087 0.0907012 0.0273083 -0.201212 0.0101647 1.01177
2528 0.0927842 0.0219335 -0.200061 0.0119491 0.0902643 0.0275319 -0.201275 0.0101877 1.01193
21609 0.10025 0.0290528 -0.207895 0.0113234 0.0986595 0.0308341 -0.210195 0.0117297 1.00345
2529 0.101342 0.028711 -0.207708 0.011336 0.0997441 0.030496 -0.210338 0.011789 1.00359
2530 0.113382 0.0238543 -0.197878 0.0465602 0.114913 0.024024 -0.196355 0.0339201 1.003
21610 0.113388 0.0242426 -0.19798 0.0472914 0.115457 0.0240879 -0.196209 0.0344747 1.00216
21611 0.109656 0.0187293 -0.201647 0.00947702 0.106948 0.0157484 -0.203021 0.00951144 1.01767
2531 0.110055 0.0183085 -0.202343 0.00903512 0.107567 0.0150301 -0.203769 0.00883787 1.01742
21612 0.116682 0.0174012 -0.203723 0.00857336 0.117178 0.018135 -0.202528 0.00889879 1.01315
2532 0.1168 0.016796 -0.203495 0.0085726 0.117338 0.0176111 -0.202146 0.0086787 1.01353
21613 0.109048 0.0322093 -0.206142 0.0120575 0.109555 0.0332272 -0.205015 0.0104369 1.01263
2533 0.108985 0.0326459 -0.205858 0.0121673 0.109629 0.0334906 -0.204875 0.0105909 1.01247
21614 0.105583 0.0252702 -0.199581 0.0559481 0.1027 0.0255226 -0.199499 0.0456432 1.0079
2534 0.105118 0.0253769 -0.200343 0.0570095 0.102146 0.0256897 -0.200068 0.0465284 1.00748
21615 0.109972 0.0189809 -0.1994 0.00747404 0.114234 0.0226039 -0.198338 0.00723976 1.01702
2535 0.109812 0.0186451 -0.199783 0.00710533 0.114587 0.0228259 -0.198736 0.00691645 1.01708
21616 0.075411 0.0301886 -0.190276 0.0108918 0.0750088 0.0307834 -0.19378 0.0104201 1.01742
2536 0.0745243 0.0297418 -0.190062 0.0108704 0.0742549 0.0304959 -0.19365 0.0104202 1.01804
21617 0.113403 0.0195067 -0.200986 0.0105429 0.115928 0.0203209 -0.202974 0.0114824 1.01502
2537 0.113245 0.0199447 -0.200834 0.0107729 0.115664 0.0206787 -0.202699 0.0116479 1.01537
2538 0.128273 0.0409286 -0.226365 0.049968 0.124685 0.0422963 -0.220925 0.0369576 0.998543
21618 0.127843 0.041226 -0.226152 0.0500118 0.124208 0.0426968 -0.220935 0.0369554 0.998543
21619 0.075752 0.0188876 -0.177797 0.0100336 0.0739473 0.0191846 -0.182917 0.00852386 0.997368
2539 0.0758834 0.0188676 -0.178024 0.0101122 0.0742925 0.0192675 -0.18305 0.00856086 0.997565
2540 0.0932207 0.0285401 -0.201357 0.0175242 0.0953186 0.0306548 -0.200076 0.0163003 1.00836
21620 0.0932945 0.0283383 -0.201478 0.0176355 0.0954597 0.0305541 -0.200225 0.0163598 1.00831
2541 0.100443 0.0249251 -0.197074 0.0103034 0.101211 0.0230306 -0.19519 0.0106994 1.00059
21621 0.0996715 0.0254503 -0.196924 0.0103077 0.100602 0.0234054 -0.1952 0.0106501 1.0009
2542 0.0900048 0.0194665 -0.199076 0.00836534 0.0914452 0.0202296 -0.200187 0.011327 1.01105
21622 0.0904869 0.0199668 -0.199217 0.00828698 0.0917775 0.0207242 -0.200377 0.0112483 1.01105
2543 0.111483 0.025297 -0.200896 0.0507525 0.111566 0.0212908 -0.20127 0.0361193 1.00777
21623 0.111314 0.025444 -0.200918 0.0511236 0.111452 0.0214273 -0.201316 0.0363794 1.00759
21624 0.0964883 0.0238116 -0.201543 0.00902754 0.0982346 0.0203637 -0.202612 0.00813753 1.011
2544 0.0970223 0.0239056 -0.201459 0.00906492 0.0986139 0.0205042 -0.202653 0.00824285 1.01076
2545 0.123766 0.0196667 -0.197751 0.0091638 0.128771 0.0222759 -0.196431 0.00983035 1.0014
21625 0.12394 0.0196887 -0.197605 0.00909337 0.128963 0.0223058 -0.196269 0.0097456 1.00121
2550 0.112855 0.0284143 -0.208307 0.0775943 0.109418 0.027681 -0.203519 0.0224772 1.00699
21626 0.113239 0.028372 -0.208229 0.0781262 0.109646 0.0277542 -0.203268 0.0225084 1.00667
2551 0.202108 0.0194657 -0.100004 0.0109822 0.20196 0.0201938 -0.101633 0.0109766 1.01
21627 0.202021 0.0195066 -0.0999629 0.0110392 0.201966 0.0202059 -0.101526 0.0110202 1.00984
2552 0.204484 0.0284383 -0.296691 0.0448732 0.207013 0.0297292 -0.296775 0.0352317 1.00003
21628 0.204449 0.0285778 -0.296644 0.0450925 0.20703 0.029878 -0.296777 0.0354053 0.999978
2553 0.00188377 0.022052 -0.301002 0.00810213 0.00205754 0.024056 -0.299072 0.00873169 1.00715
21629 0.00183388 0.0221717 -0.301079 0.00811995 0.00196727 0.0241656 -0.299102 0.00878082 1.00705
21630 0.00601564 0.0183945 -0.100615 0.022595 0.00514144 0.0203758 -0.098595 0.0158308 1.00868
2554 0.00601736 0.0184338 -0.100641 0.022638 0.00515966 0.0204188 -0.0985982 0.015846 1.00857
2556 0.115317 0.0205463 -0.206987 0.026916 0.113422 0.0191074 -0.20418 0.0204129 1.03437
21632 0.115355 0.020579 -0.207085 0.0269474 0.113395 0.0191365 -0.204271 0.020418 1.03436
2557 0.207688 0.0252997 -0.104058 0.0287141 0.205763 0.0259205 -0.104222 0.0222804 1.03255
21633 0.207787 0.0254048 -0.104018 0.0288084 0.205926 0.0259059 -0.104154 0.0223734 1.03243
2558 0.202593 0.0214381 -0.3008 0.0528897 0.201488 0.0214451 -0.298388 0.0406559 1.02915
21634 0.202348 0.0214951 -0.300899 0.0532623 0.201263 0.0215218 -0.298542 0.0409159 1.02929
2559 0.010281 0.0187719 -0.304294 0.00981526 0.00893478 0.0214522 -0.302217 0.00877804 1.03193
21635 0.0100085 0.0186131 -0.304389 0.00983232 0.00857742 0.0212625 -0.302492 0.00840236 1.03193
2560 -0.000962923 0.0226477 -0.106645 0.0723555 -0.00263733 0.0179393 -0.103179 0.0122275 1.02898
21636 -0.0012493 0.022732 -0.107062 0.0731875 -0.0029432 0.0178919 -0.103239 0.0123108 1.02882
2561 -0.00117961 0.0247917 -0.100002 0.0107183 -0.00125075 0.025137 -0.100502 0.00901367 1.03083
21637 -0.00387981 0.0249085 -0.101446 0.0103136 -0.00363117 0.0252441 -0.101369 0.00912829 1.03047
2562 -0.0010399 0.029223 -0.296966 0.0618083 -0.00421812 0.0248895 -0.292587 0.0516185 1.02727
21638 -0.00157024 0.0292677 -0.297092 0.0624394 -0.00472901 0.0248083 -0.292586 0.0521479 1.02726
2563 0.203793 0.0249621 -0.295379 0.0187432 0.202546 0.0264042 -0.295822 0.0182976 1.02671
21639 0.203686 0.0251445 -0.295135 0.0187905 0.202403 0.0265857 -0.29567 0.0183931 1.02669
2564 0.214158 0.0233537 -0.100798 0.0114087 0.211911 0.023345 -0.0998315 0.0112469 1.02413
21640 0.214345 0.0232911 -0.100512 0.0112788 0.212216 0.0233312 -0.0996577 0.0112072 1.02421
2565 0.100644 0.0267157 -0.202094 0.0543757 0.0998949 0.0241384 -0.200362 0.0452183 1.02518
21641 0.100756 0.0268545 -0.202175 0.0547234 0.099932 0.0242884 -0.20042 0.0454914 1.02504
2566 0.0959965 0.0229508 -0.199639 0.00961635 0.0975301 0.0223873 -0.201759 0.00918639 1.03071
21642 0.0960326 0.0229584 -0.199612 0.00960637 0.0975509 0.0224041 -0.201761 0.00919517 1.0307
2567 0.192083 0.0191822 -0.103071 0.0327237 0.191225 0.0211254 -0.101219 0.0226759 1.03197
21643 0.192051 0.0191191 -0.103017 0.032624 0.191252 0.0209717 -0.1012 0.022612 1.03173
2568 0.197608 0.0215636 -0.299817 0.0105746 0.198273 0.023494 -0.300731 0.0089666 1.03927
21644 0.197613 0.021618 -0.299848 0.0105927 0.198303 0.0235495 -0.300712 0.00898523 1.03922
2569 -0.00513922 0.0199886 -0.304932 0.00747169 -0.00645996 0.0210356 -0.304638 0.00898198 1.04441
21645 -0.00533523 0.0198072 -0.304981 0.00743591 -0.00685857 0.0209042 -0.304473 0.00882153 1.04451
21646 -0.00502431 0.0153613 -0.103243 0.00824536 -0.00680014 0.0166345 -0.102317 0.0102315 1.04241
2570 -0.00514277 0.0154911 -0.103377 0.00820946 -0.00710435 0.0167448 -0.102169 0.0102831 1.04191
2579 0.12266 0.0720415 -0.185868 0.0242123 0.119113 0.072932 -0.181079 0.029104 0.501486
2638 -0.165746 0.306252 0.168621 0.401653 -0.177474 0.304012 0.128253 0.338091 0.277898
21703 -0.168524 0.30765 0.169844 0.404004 -0.18036 0.30533 0.128807 0.340007 0.277586
21715 -0.875583 0.622094 -0.497836 0.0669613 -0.921619 0.663025 -0.494543 0.0652301 2.93429
2650 -0.894717 0.617432 -0.497893 0.0678022 -0.940766 0.660042 -0.494829 0.0659578 2.93418
2651 -0.0811256 0.229287 -0.553112 0.0250893 0.0247208 0.285249 -0.552698 0.0240659 2.92234
21716 -0.0737379 0.226249 -0.553727 0.0249391 0.0334099 0.282777 -0.553286 0.0240328 2.92225
21717 -0.286219 0.0320221 -0.507352 0.0496233 -0.288421 0.0230322 -0.505619 0.0359171 2.92766
2652 -0.286147 0.0319652 -0.507332 0.0495093 -0.288344 0.0230065 -0.505609 0.0358342 2.92764
2653 0.662769 0.130596 -0.505457 0.0432915 0.681509 0.101632 -0.507215 0.0445822 2.91621
21718 0.662581 0.131224 -0.505282 0.0434681 0.681348 0.102118 -0.506913 0.0446969 2.91635
2654 -1.28438 0.06569 -0.499369 0.0578606 -1.293 0.0435977 -0.497565 0.0398728 2.90356
21719 -1.2848 0.0659384 -0.499494 0.0580142 -1.29326 0.0438273 -0.497677 0.0399744 2.90384
21720 -0.299697 0.0110607 0.502016 0.0108513 -0.298419 0.0107014 0.500442 0.0105486 3.00593
2655 -0.299699 0.0111125 0.501966 0.0108726 -0.298361 0.0107834 0.500393 0.0105684 3.00535
2656 -0.299071 0.0125425 -1.49415 0.0116557 -0.298367 0.0137926 -1.49469 0.010582 2.99127
21721 -0.299046 0.0125938 -1.49408 0.0116664 -0.298339 0.0138656 -1.49463 0.0105818 2.99098
2657 -0.301829 0.0142257 -1.49794 0.00778635 -0.300385 0.015319 -1.49838 0.0060513 2.99656
21722 -0.301893 0.0143022 -1.49797 0.00783091 -0.300479 0.0153903 -1.49835 0.00608425 2.99681
2658 -0.349407 0.281919 0.492203 0.0551021 -0.313253 0.0797255 0.493215 0.0451318 2.99401
21723 -0.342626 0.262341 0.491873 0.0555116 -0.311574 0.0748492 0.493178 0.0455382 2.99455
2659 -1.30474 0.0126786 -0.500676 0.0101823 -1.30409 0.0133571 -0.498507 0.00603353 2.99261
21724 -1.30483 0.0127337 -0.500716 0.010242 -1.30417 0.013425 -0.498468 0.00606275 2.99318
2660 0.697116 0.0145953 -0.506711 0.00896916 0.701119 0.0165923 -0.51064 0.0093286 3.00153
21725 0.697003 0.0147979 -0.506697 0.00905722 0.700798 0.0167371 -0.510418 0.00935357 3.00158
2661 -0.303044 0.0140026 -0.50041 0.0110236 -0.304257 0.0152428 -0.499822 0.00753784 2.99396
21726 -0.303206 0.0138836 -0.500714 0.011003 -0.304409 0.0151293 -0.500194 0.00727884 2.99386
21741 -0.290913 0.017278 -1.49747 0.0118046 -0.290464 0.0184609 -1.49894 0.00917676 2.05063
2676 -0.291075 0.0173233 -1.4976 0.0118569 -0.29051 0.0185208 -1.49879 0.00903273 2.05068
21742 -0.296925 0.0319708 -1.49701 0.118444 -0.302168 0.0320885 -1.49455 0.118413 9.76604
2677 -0.296933 0.03225 -1.49686 0.119473 -0.302327 0.0323462 -1.49437 0.11944 9.76237
21743 -0.294694 0.0200697 -1.50281 0.00712649 -0.290959 0.0198508 -1.50323 0.00483569 9.92372
2678 -0.294704 0.0201055 -1.50292 0.00720649 -0.291025 0.0199285 -1.50329 0.00488174 9.92488
21744 -0.29624 0.0132384 0.497594 0.00610895 -0.29736 0.0137485 0.49742 0.00531029 9.931
2679 -0.297505 0.0132456 0.497902 0.00639516 -0.298265 0.013998 0.497717 0.00539844 9.92377
2680 -0.306168 0.0166449 0.502746 0.0121813 -0.307602 0.0197775 0.504631 0.0120842 9.97957
21745 -0.308877 0.015811 0.501897 0.0127121 -0.310983 0.0185401 0.504731 0.0128481 9.97965
2681 -0.295985 0.0174295 0.493106 0.0114662 -0.296365 0.0198609 0.493572 0.00884339 9.91868
21746 -0.296089 0.0174686 0.493064 0.0115317 -0.296512 0.0199087 0.493519 0.00889327 9.9189
2682 -1.29292 0.0123191 -0.487974 0.00512714 -1.29742 0.0145419 -0.48867 0.00462578 9.88024
21747 -1.29261 0.0126123 -0.48775 0.00518226 -1.29714 0.0149287 -0.488797 0.0047405 9.87945
21748 -1.28926 0.0883093 -0.504532 0.0809143 -1.29341 0.0552591 -0.504239 0.0550497 9.76163
2683 -1.28949 0.0879905 -0.50456 0.0805879 -1.29363 0.0550906 -0.504286 0.0548297 9.76314
21749 0.696548 0.05744 -0.508593 0.0742339 0.697829 0.0643887 -0.509414 0.062371 9.78779
2684 0.696351 0.0572591 -0.5084 0.0739765 0.697995 0.0641647 -0.509397 0.0621279 9.78818
2685 0.702015 0.0160646 -0.49858 0.010456 0.702904 0.0175509 -0.499169 0.00927078 9.90841
21750 0.702015 0.0160646 -0.49858 0.010456 0.702904 0.0175509 -0.499169 0.00927078 9.90841
2686 -0.2977 0.0169931 -0.503731 0.0103241 -0.298592 0.0180629 -0.500847 0.00685584 9.87325
21751 -0.29776 0.0170858 -0.503801 0.0103707 -0.298678 0.0181542 -0.500834 0.00689928 9.87197
2687 -0.301284 0.0141352 -0.496634 0.00906484 -0.302105 0.0144368 -0.495677 0.00652456 9.92296
21752 -0.30177 0.0139613 -0.496744 0.00913608 -0.302615 0.0142662 -0.495753 0.00657972 9.92257
2688 -0.283974 0.0541882 -0.481445 0.0522815 -0.280788 0.0572734 -0.483011 0.0448523 4.99793
21753 -0.283457 0.054236 -0.482474 0.050227 -0.280454 0.0574745 -0.483955 0.042894 4.99727
2689 0.675572 0.0424357 -0.503322 0.0173341 0.68079 0.0429374 -0.505742 0.0164056 5.02847
21754 0.67529 0.0427286 -0.503046 0.0173586 0.680367 0.0431645 -0.505452 0.0163415 5.02892
2690 -1.26323 0.190284 -0.490357 0.0790506 -1.27629 0.192187 -0.487119 0.0752121 4.93431
21755 -1.26267 0.191981 -0.490023 0.0797347 -1.2753 0.193807 -0.486885 0.0758786 4.93237
2691 -0.299305 0.0261158 0.492016 0.0125165 -0.299023 0.0274804 0.490187 0.0100088 5.00412
21756 -0.298873 0.0258226 0.49212 0.0125843 -0.298935 0.0276362 0.490269 0.0100609 5.00327
2692 -0.2883 0.0279138 -1.48765 0.0473237 -0.287939 0.0324177 -1.48769 0.0471085 5.04811
21757 -0.289154 0.0280901 -1.48757 0.0482416 -0.288883 0.03267 -1.48755 0.0480221 5.0485
21758 -0.255274 0.0586849 -0.537535 0.0162273 -0.270245 0.0578893 -0.529417 0.0151708 2.01701
2700 -0.182811 0.0624844 -0.336367 0.0618494 -0.194059 0.0641688 -0.36982 0.0486534 4.99791
21765 -0.179714 0.0598215 -0.331875 0.0529682 -0.190811 0.0613298 -0.366129 0.043923 4.99307
2701 -0.316862 0.121186 -0.525352 0.113571 -0.321111 0.121016 -0.522034 0.0989613 4.07387
21766 -0.292495 0.0344933 -0.476428 0.0140938 -0.297675 0.0367753 -0.477958 0.0126929 5.01726
2702 -0.369403 0.0653494 -0.586692 0.0560338 -0.365963 0.0672803 -0.582589 0.0508863 2.02473
21767 -0.365918 0.0609025 -0.583687 0.0521605 -0.362306 0.0624899 -0.579957 0.0476675 2.0254
2703 -0.300143 0.0138622 -0.493542 0.0131059 -0.305456 0.0160379 -0.496044 0.010963 5.10742
21768 -0.300142 0.013898 -0.493597 0.0131402 -0.305305 0.0160038 -0.496152 0.0109337 5.10705
2704 0.693019 0.0458341 -0.504314 0.0851822 0.691216 0.0566477 -0.504167 0.0677736 5.10069
21769 0.69298 0.0454972 -0.504175 0.0845617 0.691069 0.0562427 -0.503946 0.0672981 5.1011
2705 -1.29896 0.0158125 -0.49527 0.010058 -1.31038 0.0159338 -0.495556 0.00745852 5.08786
21770 -1.29957 0.0154657 -0.495258 0.0101731 -1.31084 0.015825 -0.495501 0.00753513 5.08708
2706 -0.297835 0.0170219 0.497369 0.00784945 -0.295879 0.0180507 0.496901 0.00736282 5.05502
21771 -0.298591 0.0162397 0.497007 0.00771649 -0.296498 0.0171421 0.496643 0.00731016 5.05179
2707 -0.295021 0.0143844 -1.50125 0.00763855 -0.295149 0.0160914 -1.49939 0.00588974 5.11125
21772 -0.295039 0.013799 -1.50135 0.0077115 -0.295167 0.015501 -1.49943 0.00592658 5.10876
2708 -0.301647 0.0373358 -0.511464 0.0657815 -0.302753 0.02094 -0.511031 0.0487487 5.10758
21773 -0.301709 0.0376319 -0.511428 0.0663098 -0.302751 0.0211042 -0.510942 0.0491165 5.10753
21780 -0.277374 0.0741177 -0.504924 0.0494545 -0.287486 0.0543814 -0.503217 0.0384292 5.04114
2717 0.67971 0.0470235 -0.511622 0.0865376 0.685428 0.0634532 -0.512807 0.0675249 5.06242
2718 0.657499 0.123597 -0.49834 0.0182459 0.66047 0.122678 -0.494922 0.0196347 5.12128
21781 0.65619 0.125656 -0.498541 0.0185473 0.659224 0.124737 -0.494977 0.0199902 5.12184
2719 -1.29412 0.0161039 -0.495192 0.00809734 -1.30621 0.0154931 -0.494589 0.0073946 5.07545
21782 -1.29418 0.0161381 -0.495322 0.00805809 -1.30609 0.0154026 -0.494698 0.00734023 5.07568
2720 -0.301485 0.0132449 0.49614 0.0105964 -0.299051 0.0144284 0.4987 0.00785263 5.12364
21783 -0.301541 0.0133152 0.496238 0.0105301 -0.299106 0.0145012 0.498772 0.00782016 5.12438
21784 -0.297412 0.0125034 -1.49993 0.00929005 -0.297798 0.0141738 -1.4999 0.00671831 5.07745
2721 -0.29723 0.0123876 -1.50002 0.00913698 -0.2976 0.0140388 -1.49991 0.00670991 5.07699
2722 -0.290474 0.0492284 -0.515623 0.1039 -0.292587 0.0232519 -0.511012 0.0719744 5.06486
21785 -0.290485 0.0495062 -0.51573 0.104674 -0.292652 0.02321 -0.511061 0.0725124 5.06321
3088 0.101607 0.0538318 -0.202146 0.0570459 0.103333 0.0527195 -0.200854 0.0418906 1.91524
22094 0.100529 0.053956 -0.202218 0.0578789 0.102395 0.05285 -0.201016 0.0424663 1.91242
3089 0.124 0.0363502 -0.209939 0.0275395 0.1225 0.0358433 -0.208367 0.0206545 2.05283
22095 0.124297 0.0364149 -0.210087 0.0276788 0.122822 0.0359161 -0.20845 0.0207684 2.0527
3090 -0.298249 0.0354617 -1.49564 0.062993 -0.298721 0.0350625 -1.49492 0.0628354 1.99753
22096 -0.298354 0.0354793 -1.49579 0.0631183 -0.298895 0.0350197 -1.49499 0.0629897 1.99746
3091 -0.294412 0.0469727 -1.49491 0.0902026 -0.29718 0.0440741 -1.49429 0.09002 1.98826
22097 -0.294384 0.0470249 -1.4949 0.0903086 -0.297156 0.0441223 -1.49428 0.090126 1.98821
22098 -0.301749 0.0578852 -1.48181 0.188595 -0.307963 0.0550961 -1.47473 0.187316 1.92273
3092 -0.301293 0.0575067 -1.48198 0.188616 -0.30758 0.0548235 -1.47487 0.187338 1.92131
3093 -0.287779 0.0378837 -1.50008 0.036007 -0.28743 0.0351521 -1.50018 0.0353825 1.96162
22099 -0.287663 0.03805 -1.50012 0.0363268 -0.287302 0.0353089 -1.5001 0.0356921 1.96082
3097 -0.306496 0.0356589 -1.49938 0.00693388 -0.307103 0.0358874 -1.49945 0.00840077 1.99366
22103 -0.306493 0.0357905 -1.49936 0.00698141 -0.307151 0.0359125 -1.4994 0.00842703 1.99377
3098 0.696168 0.0618174 -0.468093 0.038181 0.698143 0.0643159 -0.468137 0.0334773 1.99334
22104 0.697411 0.0606567 -0.468133 0.0386347 0.699229 0.0640795 -0.468109 0.0339233 1.99311
3099 0.707158 0.0533983 -2.49628 0.0903482 0.710275 0.0526069 -2.49654 0.090986 2.01511
22105 0.708 0.0511343 -2.49652 0.0910372 0.709587 0.052769 -2.49679 0.091659 2.01374
3100 -1.29012 0.0796489 -2.49178 0.132134 -1.29737 0.078869 -2.49018 0.133117 1.99646
22106 -1.29056 0.0809343 -2.49133 0.134362 -1.29762 0.0801936 -2.48977 0.135373 1.99634
3101 -1.31702 0.0698349 -0.502985 0.0216949 -1.31291 0.0698058 -0.504488 0.021387 1.99844
22107 -1.31776 0.0700174 -0.502659 0.0217616 -1.31383 0.06996 -0.504177 0.0214684 1.99817
3103 -0.298347 0.0519223 -1.49574 0.0933911 -0.298379 0.0512838 -1.49677 0.0940522 1.94068
22109 -0.29841 0.0522398 -1.49566 0.093982 -0.298441 0.0515961 -1.49663 0.0946417 1.94002
22110 0.693765 0.0445641 -0.496188 0.0300944 0.698937 0.0473085 -0.497813 0.0227527 2.0511
3104 0.693863 0.0445289 -0.496229 0.0300564 0.699024 0.0472596 -0.497851 0.0227275 2.051
22111 0.747275 0.0909183 -2.48973 0.124756 0.745064 0.0888486 -2.48862 0.124696 1.99776
3105 0.74743 0.0916007 -2.49006 0.125563 0.745159 0.0895221 -2.48892 0.125509 1.99818
3106 -1.24574 0.120862 -2.51264 0.177306 -1.26269 0.11302 -2.51067 0.171149 1.99313
22112 -1.24494 0.120998 -2.51344 0.177578 -1.26198 0.113147 -2.51139 0.171476 1.99304
22113 -1.3946 0.112603 -0.460282 0.0441752 -1.39331 0.110747 -0.466069 0.0441148 2.00337
3107 -1.39395 0.112649 -0.460253 0.044322 -1.39269 0.110814 -0.466008 0.0442565 2.00329
3115 -0.257166 0.0869329 -1.52292 0.21718 -0.261877 0.0845104 -1.51788 0.204514 1.86485
22121 -0.257554 0.0869553 -1.52353 0.217515 -0.262351 0.0844279 -1.51836 0.204879 1.86395
22122 0.748522 0.133666 -0.456218 0.090121 0.750459 0.136531 -0.459691 0.0863778 1.81426
3116 0.748522 0.133666 -0.456218 0.090121 0.750459 0.136531 -0.459691 0.0863778 1.81426
3118 -0.277504 0.126257 -1.48345 0.197613 -0.274984 0.127794 -1.46677 0.24657 1.89198
22124 -0.277439 0.126502 -1.48343 0.198622 -0.27482 0.128116 -1.46648 0.247815 1.88985
3119 0.692967 0.0873254 -0.473988 0.0613194 0.692397 0.0866922 -0.474074 0.059473 1.89178
22125 0.692552 0.0877958 -0.473418 0.0614553 0.691847 0.0870978 -0.473481 0.0595778 1.89019
3120 0.690917 0.0467054 -2.49446 0.0122556 0.692702 0.0446586 -2.49425 0.0120576 2.00225
22126 0.692037 0.0463567 -2.4947 0.0121481 0.693768 0.0443449 -2.49458 0.0117466 2.00285
3121 -1.27058 0.10227 -2.47296 0.178257 -1.27666 0.10139 -2.47467 0.178239 2.03261
22127 -1.27034 0.103115 -2.47267 0.179868 -1.27618 0.102144 -2.47442 0.179856 2.03275
3122 -0.926681 0.495618 -0.81518 0.426331 -0.917963 0.505072 -0.815557 0.42694 2.05084
22128 -1.33217 0.0889841 -0.491079 0.0415085 -1.33381 0.0874963 -0.490078 0.0391427 2.03081
22129 -0.314431 0.0704184 -1.49007 0.0922422 -0.313364 0.0631154 -1.48904 0.0899112 2.49777
3123 -0.314549 0.0700427 -1.49009 0.0916568 -0.313544 0.0628007 -1.489 0.0893418 2.49788
3124 1.67946 0.178009 0.481551 0.120404 1.67887 0.185119 0.484664 0.102141 2.51322
22130 1.67976 0.178335 0.481467 0.120656 1.67913 0.185479 0.484594 0.102353 2.51317
3125 1.69884 0.108697 -3.48332 0.205151 1.70087 0.108452 -3.48373 0.20519 2.49518
22131 1.69857 0.10846 -3.48344 0.204641 1.70059 0.10822 -3.48382 0.204679 2.49519
3126 -2.26799 0.206043 -3.48194 0.248362 -2.27402 0.190177 -3.48041 0.252807 2.50791
22132 -2.26632 0.209288 -3.48105 0.252583 -2.27231 0.193124 -3.47952 0.257101 2.50812
22133 -2.28349 0.232038 0.48981 0.0903283 -2.28837 0.224528 0.491352 0.0709834 2.49689
3127 -2.28331 0.23234 0.489791 0.0904543 -2.28822 0.224824 0.491352 0.071083 2.49691
3249 1.91216 0.272895 0.686786 0.245487 1.86535 0.232309 0.652737 0.200676 1.98154
22204 1.91029 0.277426 0.68111 0.247303 1.86487 0.236414 0.647552 0.201711 1.98188
3250 1.63639 0.150424 0.41806 0.298137 1.65015 0.130591 0.433836 0.274746 7.15288
22205 1.63618 0.150526 0.420588 0.279356 1.65003 0.130717 0.436458 0.253715 7.16024
3251 1.73861 0.191852 -3.51118 0.213776 1.73176 0.173729 -3.52374 0.186117 3.27175
22206 1.73777 0.191646 -3.51199 0.213699 1.731 0.173541 -3.52439 0.1861 3.27576
3252 -2.35335 0.175311 -3.58137 0.206431 -2.35113 0.159247 -3.57302 0.192433 3.52749
22207 -2.35364 0.175339 -3.5819 0.206249 -2.3513 0.159341 -3.57345 0.192341 3.53041
3253 -2.26656 0.258883 0.485296 0.20718 -2.27358 0.243241 0.487725 0.176464 3.37466
22208 -2.26657 0.258498 0.485301 0.207275 -2.2736 0.242812 0.487727 0.176534 3.37402
3254 -0.39728 0.112467 -1.60997 0.258081 -0.380554 0.101903 -1.59802 0.253169 3.7804
22209 -0.398465 0.111977 -1.61126 0.258536 -0.381442 0.101713 -1.59912 0.253726 3.79305
3255 N/A N/A N/A N/A N/A N/A N/A N/A N/A
22210 N/A N/A N/A N/A N/A N/A N/A N/A N/A
3276 -0.306102 0.0751429 -1.49559 0.0885744 -0.307485 0.0659488 -1.49335 0.0862419 2.05484
22232 -0.305967 0.0755078 -1.49567 0.0890148 -0.30735 0.0662658 -1.49342 0.0866717 2.05479
3277 -0.293759 0.0687364 -1.49566 0.109425 -0.296219 0.0625989 -1.49469 0.109065 2.06469
22233 -0.292296 0.0668168 -1.49597 0.109955 -0.294799 0.0605598 -1.49505 0.109596 2.06476
22236 0.708736 0.031131 -1.5017 0.0175885 0.707327 0.0284637 -1.50285 0.0186653 2.0472
3280 0.708141 0.0328012 -1.5025 0.0225043 0.705948 0.0373862 -1.50321 0.0197021 2.04737
3281 0.704795 0.0248262 -1.50767 0.0204217 0.703864 0.0235928 -1.50851 0.0198725 2.05134
22237 0.704665 0.0248926 -1.50755 0.020425 0.703734 0.0236429 -1.50837 0.0198382 2.0514
3282 -1.29629 0.110136 -1.49229 0.105154 -1.30094 0.100968 -1.49166 0.103227 2.06515
22238 -1.29703 0.111255 -1.49129 0.106127 -1.30135 0.102053 -1.4907 0.104194 2.06517
22239 -1.28949 0.0836333 -1.49753 0.0911792 -1.28944 0.0828895 -1.49755 0.0910879 2.0352
3287 -0.281995 0.0382764 -0.514739 0.0178487 -0.279707 0.0370773 -0.518629 0.0180879 2.1383
22243 -0.285785 0.0378097 -0.512743 0.0174022 -0.283344 0.0365698 -0.517284 0.0183798 2.13847
3288 -0.294026 0.0389496 -0.507455 0.0428885 -0.295126 0.0314187 -0.507063 0.0355382 2.11478
22244 -0.293849 0.0390972 -0.507516 0.0431332 -0.294977 0.031526 -0.507096 0.0357442 2.1148
3289 -0.294222 0.0315178 -2.49948 0.0149965 -0.294441 0.0296125 -2.49904 0.0145798 2.11583
22245 -0.293667 0.0315995 -2.49992 0.0152166 -0.293849 0.0296288 -2.49946 0.0148023 2.11582
3290 -0.299789 0.0328032 -2.49709 0.116145 -0.29953 0.029672 -2.49725 0.116225 2.1222
22246 -0.299664 0.0328345 -2.49708 0.11645 -0.299429 0.029708 -2.49723 0.11653 2.12218
3293 -0.284836 0.0801668 -1.49542 0.155843 -0.285251 0.0713821 -1.50428 0.125369 1.97687
22249 -0.285012 0.0804704 -1.49545 0.156458 -0.285073 0.0716996 -1.50434 0.125863 1.97701
3294 -0.303247 0.0250846 -1.49449 0.0144486 -0.30335 0.0235774 -1.49467 0.0141276 1.9746
22250 -0.303969 0.0252566 -1.49395 0.0141567 -0.303695 0.0241292 -1.49416 0.0141059 1.97436
3295 0.699648 0.0458995 -1.50025 0.0611421 0.701609 0.047558 -1.4984 0.0610426 1.97606
22251 0.700936 0.0451402 -1.50091 0.0613595 0.703068 0.0464068 -1.49919 0.0611294 1.97597
3296 -1.29037 0.0589963 -1.49522 0.0187309 -1.30071 0.0562644 -1.49545 0.0180031 1.97455
22252 -1.2911 0.0589697 -1.49491 0.0185753 -1.30138 0.0563834 -1.49505 0.0177486 1.97434
3297 -0.30384 0.0340252 -0.507442 0.0220905 -0.301743 0.0296257 -0.506079 0.0202918 1.97665
22253 -0.304194 0.0339873 -0.507445 0.0220299 -0.301873 0.0296189 -0.506014 0.0201312 1.97667
3298 -0.29775 0.0407788 -2.48825 0.193551 -0.297941 0.0367816 -2.48765 0.193879 1.96222
22254 -0.298728 0.0372813 -2.492 0.174991 -0.298283 0.0354181 -2.49175 0.174954 1.96185
3303 -0.292163 0.0336698 -1.50541 0.0405717 -0.291503 0.0398884 -1.49527 0.13118 1.84797
22257 -0.292428 0.0338088 -1.50516 0.0410035 -0.291548 0.0402713 -1.49466 0.132729 1.84696
3304 -0.294576 0.039287 -1.49843 0.0892299 -0.294799 0.0363555 -1.49829 0.0894292 1.78268
22258 -0.293854 0.0388681 -1.49851 0.0898165 -0.29414 0.0359703 -1.49835 0.0900171 1.78287
