1672 950.441294488189
1673 950.4001594802127
1675 950.5003726169844
1677 950.4320522540984
1694 948.9859886914378
1695 950.4963848177376
1696 950.4007988353626
2057 950.658647671732
2058 950.782
2304 950.7183131313132
2305 951.057064516129
2508 2175.398475016223
2509 2175.6019266055046
2512 2175.6658500914077
2513 2175.056
2514 2170.4329355608593
2517 2176.049120521173
2518 2176.1296352583586
2520 2176.322675
2523 2176.300918918919
2524 2176.3002500000002
2525 2176.32781420765
2526 2176.175714285714
2527 2176.180714285714
2528 2176.0592156862745
2529 2175.7829824561404
2530 2175.83575
2531 2175.8035714285716
2532 2175.9375862068964
2533 2175.605701754386
2534 2175.6423275862066
2535 2175.4835042735044
2536 2175.3591503267976
2537 2175.416101694915
2538 2175.529671052632
2539 2175.6459130434782
2540 2175.6278632478634
2541 2175.6165546218485
2542 2175.613387096774
2543 2175.618417266187
2544 2175.4378142076503
2545 2175.436701030928
2550 2175.6007305936073
2551 2175.758
2552 2175.548656716418
2553 2176.044932735426
2554 2176.0440528634363
2556 2176.2867
2557 2176.264090909091
2558 2176.3063003663005
2559 2176.1260642570282
2560 2176.0896721311474
2561 2176.048536585366
2562 2175.920051282051
2563 2175.6041796875
2564 2175.770136986301
2565 2175.984497816594
2566 2175.918588007737
2567 2175.983033707865
2568 2176.06235
2569 2176.0912041884817
2570 2176.081739130435
2579 2176.529980430528
2638 2176.254820143885
2650 2176.259644670051
2651 2176.3429268292684
2652 2176.3089449541285
2653 2176.3063106796117
2654 2176.3056043956044
2655 2176.2996551724136
2656 2176.302060606061
2657 2176.303128834356
2658 2176.301052631579
2659 2176.3019230769232
2660 2176.304814814815
2661 2176.3004205607476
2666 2176.3000363636365
2667 2176.3019205298015
2668 2176.299705882353
2669 2176.296308724832
2670 2176.302543859649
2671 2176.3068902439027
2672 2176.3056834532376
2673 2176.3077976190475
2674 2176.3062439024393
2675 2176.304705882353
2676 2176.3003139013454
2677 2176.309209039548
2678 2176.3071069182392
2679 2176.3089115646258
2680 2176.3136170212765
2681 2176.3064462809916
2682 2176.3073282442747
2683 2176.3029585798818
2684 2176.3077828054297
2685 2176.3064285714286
2686 2176.3047651006714
2687 2176.3069540229885
2688 2174.4963714637147
2689 2177.2105056179776
2690 2177.249512195122
2691 2177.3363878326995
2692 2177.3314814814817
2693 2176.439918032787
2694 2176.32
2695 2176.2114478114477
2697 2176.3253112033194
2698 2176.3171158854166
2699 2176.3094152046783
2700 2176.283961038961
2701 2176.176875
2702 2176.340125
2703 2176.3113533834585
2704 2176.3069465648855
2705 2176.3119548872182
2706 2176.3125862068964
2707 2176.3098437500003
2708 2176.306170212766
2709 2176.333105263158
2710 2176.308961038961
2711 2176.2112244897958
2712 2176.209423076923
2713 2176.26640776699
2718 2176.299020979021
2719 2176.299618320611
2720 2176.2999315068496
2721 2176.29496124031
2722 2176.304925373134
2723 2176.3707142857143
2724 2176.379847328244
2725 2176.3266386554624
2726 2176.2728813559324
2727 2176.2489215686273
3097 2175.681288343558
3098 2175.7058028169013
3099 2175.707675070028
3100 2175.7072423398326
3101 2175.7057012195123
3102 2175.699212962963
3103 2175.70934375
3104 2175.713095975232
3105 2175.6975733333334
3106 2175.846056338028
3107 2175.693569023569
3108 2175.693208955224
3109 2175.703622047244
3110 2175.697619047619
3111 2175.7027843137253
3112 2175.7043911439114
3113 2175.6991428571428
3114 2175.7145479944124
3115 2175.722064965197
3118 2175.7568243243245
3119 2168.344915254237
3120 2175.767927631579
3121 2168.5858415841585
3122 2172.175338842975
20804 950.441356691254
20805 950.3818931962026
20824 950.5647376311844
20825 948.9835226537217
20826 950.6305212464589
21588 2175.398109875736
21589 2175.6018785796105
21592 2175.6725138632164
21593 2175.0493674698796
21594 2170.3547087378643
21597 2176.0492786885247
21598 2176.1286163522013
21600 2176.3224494949495
21603 2176.3006111111113
21604 2176.300322580645
21605 2176.3279891304346
21606 2176.1753636363637
21607 2176.1794545454545
21608 2176.058285714286
21609 2175.7820689655173
21610 2175.8359130434783
21611 2175.803448275862
21612 2175.935916666667
21613 2175.607372881356
21614 2175.641570247934
21615 2175.482727272727
21616 2175.360316455696
21617 2175.4167741935485
21618 2175.5311184210527
21619 2175.6466666666665
21620 2175.6280869565217
21621 2175.6158333333333
21622 2175.6120967741936
21623 2175.618759124088
21624 2175.4370212765957
21625 2175.4371875
21626 2175.6030555555553
21627 2175.7579237288137
21628 2175.548743718593
21629 2176.0451363636366
21630 2176.0440789473687
21632 2176.286582914573
21633 2176.2638360655737
21634 2176.3060966542753
21635 2176.1255510204082
21636 2176.090462184874
21637 2176.047556818182
21638 2175.9171204188483
21639 2175.6023412698414
21640 2175.7692558139534
21641 2175.9863274336285
21642 2175.918468992248
21643 2175.9827374301676
21644 2176.0624623115577
21645 2176.092021276596
21646 2176.0808994708996
21703 2176.2565693430656
21715 2176.26
21716 2176.342416666667
21717 2176.3088479262674
21718 2176.306274509804
21719 2176.3053591160224
21720 2176.3
21721 2176.3019631901843
21722 2176.3032298136645
21723 2176.3009313725493
21724 2176.302012987013
21725 2176.3051145038166
21726 2176.300625
21731 2176.3000363636365
21732 2176.302297297297
21733 2176.3
21734 2176.2964383561643
21735 2176.302695652174
21736 2176.306727272727
21737 2176.305955882353
21738 2176.309294117647
21739 2176.306067961165
21740 2176.3047445255474
21741 2176.300717299578
21742 2176.3095652173915
21743 2176.3070987654323
21744 2176.308607594937
21745 2176.313111111111
21746 2176.3067226890757
21747 2176.3070866141734
21748 2176.3029166666665
21749 2176.307954545455
21750 2176.306666666667
21751 2176.3048630136987
21752 2176.307076023392
21753 2174.466554726368
21754 2177.2106896551722
21755 2177.25415
21756 2177.3367567567566
21757 2177.3310256410255
21758 2176.4508982035927
21759 2176.320260869565
21760 2176.2113605442178
21762 2176.3252320675106
21763 2176.3170825211178
21764 2176.3092814371257
21765 2176.283445945946
21766 2176.13175
21767 2176.3407643312103
21768 2176.311212121212
21769 2176.3065413533836
21770 2176.312076923077
21771 2176.312909090909
21772 2176.310406504065
21773 2176.306378378378
21774 2176.3341807909605
21775 2176.3083561643834
21776 2176.2110162601625
21777 2176.2052
21779 2175.9621576763484
21780 2176.3020218579236
21781 2176.2991304347825
21782 2176.3
21783 2176.300138888889
21784 2176.2948062015503
21785 2176.3050757575757
21786 2176.370243902439
21787 2176.37896
21788 2176.3276315789476
21789 2176.2735652173915
21790 2176.25
22103 2175.681308411215
22104 2175.7062280701753
22105 2175.7077492877493
22106 2175.707406340058
22107 2175.705108359133
22108 2175.698731707317
22109 2175.709588607595
22110 2175.7130434782607
22111 2175.6976842105264
22112 2175.8466477272727
22113 2175.6945484949833
22114 2175.693183520599
22115 2175.7037450199205
22116 2175.697073954984
22117 2175.7026984126983
22118 2175.704328358209
22119 2175.702909090909
22120 2175.7145479944124
22121 2175.721888111888
22122 2175.7066494845362
22124 2175.756962457338
22125 2168.2442268041236
22126 2175.7678187919464
22127 2168.4411111111112
22128 2175.779
