2508
21588
21589
2509
2512
21592
2513
21593
2514
21594
2517
21597
2518
21598
2520
21600
2523
21603
21604
2524
21605
2525
21606
2526
21607
2527
21608
2528
21609
2529
2530
21610
21611
2531
21612
2532
21613
2533
21614
2534
21615
2535
21616
2536
21617
2537
2538
21618
21619
2539
2540
21620
2541
21621
2542
21622
2543
21623
21624
2544
2545
21625
2550
21626
2551
21627
2552
21628
2553
21629
21630
2554
2556
21632
2557
21633
2558
21634
2559
21635
2560
21636
2561
21637
2562
21638
2563
21639
2564
21640
2565
21641
2566
21642
2567
21643
2568
21644
2569
21645
21646
2570
2579
2638
21703
21715
2650
2651
21716
21717
2652
2653
21718
2654
21719
21720
2655
2656
21721
2657
21722
2658
21723
2659
21724
2660
21725
2661
21726
21741
2676
21742
2677
21743
2678
21744
2679
2680
21745
2681
21746
2682
21747
21748
2683
21749
2684
2685
21750
2686
21751
2687
21752
2688
21753
2689
21754
2690
21755
2691
21756
2692
21757
21758
2700
21765
2701
21766
2702
21767
2703
21768
2704
21769
2705
21770
2706
21771
2707
21772
2708
21773
21780
2717
2718
21781
2719
21782
2720
21783
21784
2721
2722
21785
3088
22094
3089
22095
3090
22096
3091
22097
22098
3092
3093
22099
3097
22103
3098
22104
3099
22105
3100
22106
3101
22107
3103
22109
22110
3104
22111
3105
3106
22112
22113
3107
3115
22121
22122
3116
3118
22124
3119
22125
3120
22126
3121
22127
3122
22128
22129
3123
3124
22130
3125
22131
3126
22132
22133
3127
3249
22204
3250
22205
3251
22206
3252
22207
3253
22208
3254
22209
3255
22210
3276
22232
3277
22233
22236
3280
3281
22237
3282
22238
22239
3287
22243
3288
22244
3289
22245
3290
22246
3293
22249
3294
22250
3295
22251
3296
22252
3297
22253
3298
22254
3303
22257
3304
22258
