1672
1673
1675
1676
1677
1694
1695
1696
1724
1725
1729
1730
1731
2050
2051
2052
2053
2054
2055
2056
2057
2058
2060
2292
2293
2294
2296
2297
2298
2299
2300
2301
2302
2303
2304
2305
2306
2307
2309
2508
2509
2512
2513
2514
2517
2518
2520
2523
2524
2525
2526
2527
2528
2529
2530
2531
2532
2533
2534
2535
2536
2537
2538
2539
2540
2541
2542
2543
2544
2545
2550
2551
2552
2553
2554
2556
2557
2558
2559
2560
2561
2562
2563
2564
2565
2566
2567
2568
2569
2570
2579
2638
2650
2651
2652
2653
2654
2655
2656
2657
2658
2659
2660
2661
2666
2667
2668
2669
2670
2671
2672
2673
2674
2675
2676
2677
2678
2679
2680
2681
2682
2683
2684
2685
2686
2687
2688
2689
2690
2691
2692
2693
2694
2695
2697
2698
2699
2700
2701
2702
2703
2704
2705
2706
2707
2708
2709
2710
2711
2712
2713
2718
2719
2720
2721
2722
2723
2724
2725
2726
2727
3097
3098
3099
3100
3101
3102
3103
3104
3105
3106
3107
3108
3109
3110
3111
3112
3113
3114
3115
3118
3119
3120
3121
3122
20804
20805
20808
20824
20825
20826
21176
21186
21187
21188
21189
21191
21192
21371
21380
21381
21417
21418
21419
21420
21421
21422
21423
21424
21588
21589
21592
21593
21594
21597
21598
21600
21603
21604
21605
21606
21607
21608
21609
21610
21611
21612
21613
21614
21615
21616
21617
21618
21619
21620
21621
21622
21623
21624
21625
21626
21627
21628
21629
21630
21632
21633
21634
21635
21636
21637
21638
21639
21640
21641
21642
21643
21644
21645
21646
21703
21715
21716
21717
21718
21719
21720
21721
21722
21723
21724
21725
21726
21731
21732
21733
21734
21735
21736
21737
21738
21739
21740
21741
21742
21743
21744
21745
21746
21747
21748
21749
21750
21751
21752
21753
21754
21755
21756
21757
21758
21759
21760
21762
21763
21764
21765
21766
21767
21768
21769
21770
21771
21772
21773
21774
21775
21776
21777
21779
21780
21781
21782
21783
21784
21785
21786
21787
21788
21789
21790
22103
22104
22105
22106
22107
22108
22109
22110
22111
22112
22113
22114
22115
22116
22117
22118
22119
22120
22121
22122
22124
22125
22126
22127
22128
